1.074755042791366577e-01
5.998157337307929993e-02
7.329428195953369141e-02
4.106154665350914001e-02
3.092975020408630371e-01
2.684500813484191895e-01
1.584659069776535034e-01
2.038628458976745605e-01
2.252904921770095825e-01
1.710646301507949829e-01
1.109419614076614380e-01
2.071950137615203857e-01
2.316703051328659058e-01
3.092975020408630371e-01
1.200375482439994812e-01
1.367230564355850220e-01
1.324073523283004761e-01
2.594382166862487793e-01
4.335826262831687927e-02
2.797435037791728973e-02
4.488864541053771973e-02
2.391135320067405701e-02
3.092975020408630371e-01
1.773279160261154175e-02
3.753638267517089844e-02
8.238863199949264526e-02
8.429433405399322510e-02
1.521008759737014771e-01
1.007595434784889221e-01
8.344370126724243164e-02
4.051323980093002319e-02
3.092975020408630371e-01
1.148862950503826141e-02
1.120965629816055298e-01
1.786889284849166870e-01
1.976134479045867920e-01
1.392286568880081177e-01
2.192013561725616455e-01
1.669787168502807617e-01
1.694798022508621216e-01
1.827971339225769043e-01
2.802562341094017029e-02
8.283487707376480103e-02
9.384042769670486450e-02
9.799047559499740601e-02
1.819604784250259399e-01
2.007661908864974976e-01
9.855730831623077393e-02
4.662461951375007629e-02
7.890605181455612183e-02
2.421682178974151611e-01
2.421682178974151611e-01
2.421682178974151611e-01
1.522088944911956787e-01
1.750924140214920044e-01
2.207154035568237305e-01
9.217864274978637695e-02
2.814531698822975159e-02
2.239824682474136353e-01
2.092988230288028717e-02
1.368873119354248047e-01
1.399508714675903320e-01
1.276462078094482422e-01
2.404949367046356201e-01
2.421682178974151611e-01
1.131722256541252136e-01
5.663295835256576538e-02
1.185101196169853210e-01
1.927479207515716553e-01
2.421682178974151611e-01
2.421682178974151611e-01
1.690115034580230713e-01
1.011603772640228271e-01
1.249503642320632935e-01
1.628659963607788086e-01
1.328460127115249634e-01
6.432896107435226440e-02
1.767255514860153198e-01
2.319815158843994141e-01
1.929664164781570435e-01
1.023134887218475342e-01
9.387961775064468384e-02
2.052316963672637939e-01
2.365336865186691284e-01
2.365336865186691284e-01
2.365336865186691284e-01
6.663101166486740112e-02
9.022224694490432739e-02
8.325398713350296021e-02
7.880315929651260376e-02
2.365336865186691284e-01
2.071786522865295410e-01
9.426002204418182373e-02
8.876310288906097412e-02
6.717025488615036011e-02
1.259221732616424561e-01
1.783109009265899658e-01
1.719256937503814697e-01
2.335426807403564453e-01
2.180796414613723755e-01
2.305908203125000000e-01
1.731932759284973145e-01
2.060987651348114014e-01
2.365336865186691284e-01
6.071618199348449707e-02
9.870910644531250000e-02
1.155135482549667358e-01
1.959705799818038940e-01
7.055053114891052246e-02
1.174314320087432861e-01
2.391784042119979858e-01
1.611169278621673584e-01
2.172024995088577271e-01
9.995365142822265625e-02
1.824299246072769165e-01
1.205769628286361694e-01
7.773043960332870483e-02
7.767321914434432983e-02
1.749186962842941284e-01
1.594803780317306519e-01
3.448383510112762451e-02
1.987119615077972412e-01
2.391784042119979858e-01
2.391784042119979858e-01
1.688313186168670654e-01
1.094480678439140320e-01
7.512313127517700195e-02
2.391784042119979858e-01
2.014469653367996216e-01
1.522435992956161499e-01
2.391784042119979858e-01
1.107603982090950012e-01
1.314741820096969604e-01
8.867638558149337769e-02
6.199116259813308716e-02
5.642683804035186768e-02
2.391784042119979858e-01
1.495054960250854492e-01
9.767937660217285156e-02
1.996562480926513672e-01
2.256354689598083496e-01
2.391784042119979858e-01
2.311184257268905640e-01
9.087926149368286133e-02
1.164688393473625183e-01
2.463580220937728882e-01
2.356093376874923706e-01
6.694438308477401733e-02
1.432636678218841553e-01
1.672350466251373291e-01
1.891733258962631226e-01
1.751600801944732666e-01
1.856459677219390869e-01
2.323029637336730957e-01
2.463580220937728882e-01
2.142870277166366577e-01
1.324158161878585815e-01
1.735890805721282959e-01
1.119750291109085083e-01
1.712712794542312622e-01
2.097057253122329712e-01
1.395423710346221924e-01
6.191894784569740295e-02
6.899654865264892578e-02
3.432557359337806702e-02
4.592268168926239014e-02
8.116635680198669434e-02
1.276324093341827393e-01
2.463580220937728882e-01
2.463580220937728882e-01
1.904155164957046509e-01
1.026538014411926270e-01
5.506980046629905701e-02
5.616351962089538574e-02
6.181827187538146973e-02
1.233222037553787231e-01
1.296942979097366333e-01
2.463580220937728882e-01
2.463580220937728882e-01
1.842208802700042725e-01
1.351649165153503418e-01
2.010957002639770508e-01
1.640285551548004150e-01
8.897803723812103271e-02
1.837217807769775391e-01
8.017209917306900024e-02
1.740803718566894531e-01
1.242138370871543884e-01
3.144580498337745667e-02
9.743163734674453735e-02
1.921251565217971802e-01
2.157756686210632324e-01
2.519889473915100098e-01
2.239605784416198730e-01
3.006607666611671448e-02
1.296377629041671753e-01
4.308987036347389221e-02
3.091938607394695282e-02
7.311847060918807983e-02
1.661926507949829102e-01
1.578948795795440674e-01
9.761241823434829712e-02
2.264834940433502197e-01
1.363794207572937012e-01
2.122909724712371826e-01
2.183400243520736694e-01
7.203040271997451782e-02
2.519889473915100098e-01
2.519889473915100098e-01
2.519889473915100098e-01
2.519889473915100098e-01
2.335075438022613525e-01
5.644144117832183838e-02
1.354346275329589844e-01
1.287935674190521240e-01
8.955649286508560181e-02
1.561167538166046143e-01
7.723639160394668579e-02
1.213721409440040588e-01
2.684318423271179199e-01
9.814062714576721191e-02
2.567932382225990295e-02
5.141142755746841431e-02
5.498735606670379639e-02
5.958584323525428772e-02
3.163228631019592285e-01
1.366136521100997925e-01
8.225756138563156128e-02
6.918162852525711060e-02
8.044198155403137207e-02
6.671054661273956299e-02
8.245664834976196289e-02
1.761410385370254517e-01
1.651654839515686035e-01
3.403375744819641113e-01
3.139976859092712402e-01
1.556360274553298950e-01
2.163500040769577026e-01
6.830395013093948364e-02
1.655011624097824097e-02
4.284842312335968018e-02
3.653142601251602173e-02
1.146271079778671265e-01
3.403375744819641113e-01
3.224913179874420166e-01
7.903434336185455322e-02
1.010369434952735901e-01
1.574507057666778564e-01
4.156615585088729858e-02
6.802552193403244019e-02
9.715204685926437378e-02
2.647491991519927979e-01
3.359936550259590149e-02
1.015716642141342163e-01
2.902773916721343994e-01
1.121048703789710999e-01
2.985212504863739014e-01
1.307528582401573658e-03
1.563876122236251831e-02
4.333820939064025879e-02
3.864837810397148132e-02
1.182448416948318481e-01
6.542713940143585205e-02
9.796504676342010498e-02
4.080181941390037537e-02
2.985212504863739014e-01
2.216983027756214142e-02
1.242706254124641418e-01
2.336539924144744873e-01
1.781644672155380249e-01
7.359832525253295898e-02
2.067597210407257080e-01
2.985212504863739014e-01
2.985212504863739014e-01
2.985212504863739014e-01
7.244084775447845459e-02
7.393282651901245117e-02
5.823367089033126831e-02
6.206422299146652222e-02
1.203294545412063599e-01
7.323614507913589478e-02
1.616029888391494751e-01
7.156703621149063110e-02
2.985212504863739014e-01
1.198983341455459595e-01
1.939248442649841309e-01
1.711812019348144531e-01
1.419515311717987061e-01
8.873787522315979004e-02
3.514593839645385742e-02
2.932785265147686005e-02
1.475933007895946503e-02
1.915376633405685425e-01
6.564915925264358521e-02
2.042071521282196045e-01
2.258222401142120361e-01
1.405698210000991821e-01
1.406656354665756226e-01
1.270131021738052368e-01
8.625062555074691772e-02
1.172011345624923706e-01
1.212010309100151062e-01
1.362778097391128540e-01
2.719322741031646729e-01
2.719322741031646729e-01
1.894735395908355713e-01
1.471542567014694214e-01
1.367556117475032806e-02
2.768016792833805084e-02
2.675110660493373871e-02
2.206408232450485229e-01
6.282834708690643311e-02
2.070753276348114014e-01
2.590233683586120605e-01
2.188310027122497559e-01
2.719322741031646729e-01
4.541225731372833252e-02
2.253106981515884399e-02
6.513311713933944702e-02
8.072960376739501953e-02
1.286882460117340088e-01
2.719322741031646729e-01
2.719322741031646729e-01
2.719322741031646729e-01
2.465422451496124268e-01
1.275940388441085815e-01
4.497550055384635925e-02
5.977257341146469116e-02
2.491554617881774902e-02
5.211747065186500549e-02
1.014171466231346130e-01
1.188706010580062866e-01
2.491920888423919678e-01
2.567981183528900146e-01
1.951392740011215210e-01
1.369568556547164917e-01
6.276304274797439575e-02
8.638606220483779907e-02
3.972323983907699585e-02
6.837775558233261108e-02
1.080753654241561890e-01
2.532056868076324463e-01
3.213548958301544189e-01
4.285861551761627197e-02
1.790721900761127472e-02
4.093701764941215515e-02
3.137654811143875122e-02
5.739580467343330383e-02
1.182404756546020508e-01
1.659153252840042114e-01
3.213548958301544189e-01
3.213548958301544189e-01
3.213548958301544189e-01
1.813464015722274780e-01
7.391892373561859131e-02
2.314813248813152313e-02
2.280560880899429321e-02
3.295333683490753174e-02
3.990347310900688171e-02
3.213548958301544189e-01
7.400244474411010742e-02
2.491337805986404419e-01
2.491337805986404419e-01
9.931135922670364380e-02
1.097989752888679504e-01
4.464616253972053528e-02
4.206636175513267517e-02
4.657038673758506775e-02
5.449374392628669739e-02
5.356357991695404053e-02
2.491337805986404419e-01
2.491337805986404419e-01
1.079402416944503784e-01
6.903702765703201294e-02
7.274787127971649170e-02
1.325455009937286377e-01
2.491337805986404419e-01
1.182415932416915894e-01
2.491337805986404419e-01
2.491337805986404419e-01
2.491337805986404419e-01
1.485206186771392822e-01
4.032017663121223450e-02
3.073850274085998535e-02
3.912587091326713562e-02
3.789980337023735046e-02
1.413278430700302124e-01
1.322051435708999634e-01
2.307881861925125122e-01
2.491337805986404419e-01
1.711344122886657715e-01
8.436408638954162598e-02
1.499884426593780518e-01
2.485158145427703857e-01
2.491337805986404419e-01
2.131609469652175903e-01
5.699770897626876831e-02
8.268700540065765381e-02
4.869960248470306396e-02
4.136422276496887207e-02
3.103426285088062286e-02
7.906356453895568848e-02
1.981296986341476440e-01
2.797257602214813232e-01
2.336852401494979858e-01
7.584439963102340698e-02
2.749591134488582611e-02
7.717668265104293823e-02
7.292664051055908203e-02
4.935566335916519165e-02
1.415424942970275879e-01
1.695776730775833130e-01
2.797257602214813232e-01
2.146163433790206909e-01
1.225545108318328857e-01
1.096298471093177795e-01
8.676236122846603394e-02
8.772289007902145386e-02
1.115561276674270630e-01
2.166765779256820679e-01
2.797257602214813232e-01
2.797257602214813232e-01
2.797257602214813232e-01
2.097729146480560303e-01
1.002960279583930969e-01
1.317372024059295654e-01
8.912532031536102295e-02
7.259159535169601440e-02
1.223142370581626892e-01
1.338479667901992798e-01
2.797257602214813232e-01
2.797257602214813232e-01
7.066660374402999878e-02
5.296007916331291199e-02
1.456554234027862549e-01
9.611868113279342651e-02
1.177818104624748230e-01
1.550839841365814209e-01
1.829158216714859009e-01
2.393986284732818604e-01
1.449022144079208374e-01
2.393986284732818604e-01
1.546772420406341553e-01
2.386170625686645508e-01
2.393986284732818604e-01
2.393986284732818604e-01
1.394550204277038574e-01
1.825367063283920288e-01
2.393986284732818604e-01
1.349761784076690674e-01
2.094915509223937988e-01
8.514329046010971069e-02
1.990689635276794434e-01
7.932505011558532715e-02
1.067762076854705811e-01
5.160072445869445801e-02
9.382154792547225952e-02
1.474564373493194580e-01
2.393986284732818604e-01
9.379407763481140137e-02
5.151569843292236328e-02
1.635619848966598511e-01
1.537483483552932739e-01
2.393986284732818604e-01
1.497992426156997681e-01
1.851269453763961792e-01
1.883192807435989380e-01
1.351307928562164307e-01
2.640292346477508545e-01
2.640292346477508545e-01
1.538970023393630981e-01
1.908699274063110352e-01
1.076715588569641113e-01
7.547500729560852051e-02
7.437451928853988647e-02
1.162791401147842407e-01
1.036362275481224060e-01
2.640292346477508545e-01
2.640292346477508545e-01
1.629059314727783203e-01
2.640292346477508545e-01
2.278366535902023315e-01
6.908024847507476807e-02
7.447625696659088135e-02
1.013567820191383362e-01
1.365159153938293457e-01
1.140510365366935730e-01
1.082573458552360535e-01
1.032039076089859009e-01
9.291793406009674072e-02
1.792179197072982788e-01
1.038861200213432312e-01
1.432004719972610474e-01
1.734312623739242554e-01
1.001284271478652954e-01
1.183540672063827515e-01
2.415383607149124146e-01
2.640292346477508545e-01
2.386328428983688354e-01
2.303002476692199707e-01
8.291161060333251953e-02
7.048457860946655273e-02
8.414686471223831177e-02
7.368063181638717651e-02
6.517521291971206665e-02
1.296474933624267578e-01
1.772126704454421997e-01
1.457158774137496948e-01
4.386754930019378662e-01
9.336204826831817627e-02
1.001889705657958984e-01
7.028153538703918457e-02
4.442502558231353760e-02
8.477718383073806763e-02
3.442426398396492004e-02
4.513895511627197266e-02
3.436283394694328308e-02
4.386754930019378662e-01
1.372269093990325928e-01
1.447266489267349243e-01
1.021505817770957947e-01
7.530370354652404785e-02
8.924726396799087524e-02
8.225811272859573364e-02
6.570261716842651367e-02
2.505345083773136139e-02
4.386754930019378662e-01
3.647964820265769958e-02
6.941604614257812500e-02
3.892237693071365356e-02
5.623939633369445801e-02
6.159614771604537964e-02
1.857174932956695557e-02
3.173404186964035034e-02
1.770406216382980347e-02
4.386754930019378662e-01
6.763338297605514526e-02
8.258200436830520630e-02
6.972498446702957153e-02
8.258978277444839478e-02
1.636755317449569702e-01
2.177075296640396118e-02
1.438526995480060577e-02
1.685228757560253143e-02
3.273414075374603271e-01
3.740412369370460510e-02
8.944598585367202759e-02
2.017565518617630005e-01
2.111655473709106445e-01
3.273414075374603271e-01
3.633489087224006653e-02
1.681966893374919891e-02
3.645592927932739258e-02
3.273414075374603271e-01
1.772689670324325562e-01
1.515919119119644165e-01
2.567871212959289551e-01
3.273414075374603271e-01
8.829896897077560425e-02
3.740384429693222046e-02
1.491441018879413605e-02
3.653897205367684364e-03
3.273414075374603271e-01
2.296931669116020203e-02
3.821196779608726501e-02
9.993733465671539307e-02
1.180589273571968079e-01
6.977738440036773682e-02
3.493826463818550110e-02
2.744096145033836365e-02
1.246959809213876724e-02
3.273414075374603271e-01
2.043365985155105591e-01
1.040674149990081787e-01
8.137982338666915894e-02
8.086440712213516235e-02
3.029012382030487061e-01
6.211198121309280396e-02
3.373802453279495239e-02
4.122219234704971313e-02
1.526797115802764893e-01
1.400446295738220215e-01
8.441704511642456055e-02
7.555036991834640503e-02
3.029012382030487061e-01
3.029012382030487061e-01
3.029012382030487061e-01
1.892977505922317505e-01
1.091720461845397949e-01
3.911372274160385132e-02
4.290107637643814087e-02
5.254752561450004578e-02
3.804891556501388550e-02
3.029012382030487061e-01
1.204094737768173218e-01
1.561155617237091064e-01
1.044243574142456055e-01
2.963320910930633545e-02
2.588773667812347412e-01
1.770587563514709473e-01
1.137021407485008240e-01
4.417470470070838928e-02
8.842939883470535278e-02
1.705816686153411865e-01
3.029012382030487061e-01
3.029012382030487061e-01
1.382706612348556519e-01
4.648050293326377869e-02
4.524039477109909058e-02
5.539471656084060669e-02
3.315601125359535217e-02
9.291383624076843262e-02
2.552472054958343506e-01
2.552472054958343506e-01
2.552472054958343506e-01
1.529559344053268433e-01
3.453796729445457458e-02
1.415420416742563248e-02
3.993170335888862610e-02
5.294316634535789490e-02
1.590374708175659180e-01
2.021542936563491821e-01
1.942748725414276123e-01
1.841407418251037598e-01
1.211634129285812378e-01
1.047804579138755798e-01
1.235991716384887695e-01
2.370944619178771973e-01
2.176376134157180786e-01
2.234199047088623047e-01
1.123493611812591553e-01
2.552472054958343506e-01
2.552472054958343506e-01
1.535888612270355225e-01
5.338820070028305054e-02
6.229133810847997665e-03
1.645321212708950043e-02
5.081084743142127991e-02
1.120370402932167053e-01
1.393964737653732300e-01
1.609425097703933716e-01
1.552233397960662842e-01
6.100825965404510498e-02
1.742290109395980835e-01
1.039450839161872864e-01
1.623288691043853760e-01
2.234878540039062500e-01
2.552472054958343506e-01
1.955719441175460815e-01
1.280612498521804810e-01
5.404660105705261230e-02
8.218009769916534424e-02
1.765548586845397949e-01
2.377099990844726562e-01
2.405409812927246094e-01
2.405409812927246094e-01
2.188287675380706787e-01
1.703590154647827148e-01
1.073617190122604370e-01
8.513450622558593750e-02
3.046036884188652039e-02
1.617998480796813965e-01
1.516754329204559326e-01
1.864884197711944580e-01
1.622790247201919556e-01
2.058100998401641846e-01
7.993689179420471191e-02
3.940970450639724731e-02
2.652325667440891266e-02
1.763312146067619324e-02
2.405409812927246094e-01
2.351311743259429932e-01
2.405409812927246094e-01
2.198868244886398315e-01
1.509773433208465576e-01
3.486806526780128479e-02
6.705726683139801025e-02
1.265242397785186768e-01
3.620189055800437927e-02
2.405409812927246094e-01
2.405409812927246094e-01
2.405409812927246094e-01
1.570159196853637695e-01
9.075696021318435669e-02
1.628619134426116943e-01
9.593471884727478027e-02
1.063038334250450134e-01
1.886743493378162384e-02
1.522123217582702637e-01
4.661840572953224182e-02
1.069050952792167664e-01
1.005898490548133850e-01
1.644473522901535034e-01
1.855148971080780029e-01
1.107337772846221924e-01
8.273282647132873535e-02
6.076478958129882812e-02
2.342059612274169922e-01
7.441841810941696167e-02
2.134684473276138306e-01
2.264993041753768921e-01
1.913272589445114136e-01
1.167279556393623352e-01
1.689395010471343994e-01
1.931601911783218384e-01
5.747731029987335205e-02
2.042527496814727783e-01
1.157369688153266907e-01
1.676179319620132446e-01
1.438281685113906860e-01
1.735068410634994507e-01
2.342059612274169922e-01
2.342059612274169922e-01
1.925557255744934082e-01
1.804672181606292725e-01
2.342059612274169922e-01
9.858510643243789673e-02
2.342059612274169922e-01
2.342059612274169922e-01
2.342059612274169922e-01
1.000176668167114258e-01
1.227892935276031494e-01
9.626696258783340454e-02
5.857160314917564392e-02
1.715892851352691650e-01
6.553335487842559814e-02
2.082747966051101685e-01
2.348361760377883911e-01
1.195207387208938599e-01
6.918884813785552979e-02
2.348361760377883911e-01
2.348361760377883911e-01
1.885423660278320312e-01
2.348361760377883911e-01
6.058656424283981323e-02
9.789451211690902710e-02
1.157099306583404541e-01
5.875436589121818542e-02
1.253856569528579712e-01
2.021514028310775757e-01
1.483871936798095703e-01
1.562098860740661621e-01
2.208120971918106079e-01
8.748211711645126343e-02
2.066958844661712646e-01
2.348361760377883911e-01
1.172253713011741638e-01
5.696070194244384766e-02
2.071403712034225464e-01
2.348361760377883911e-01
1.596734374761581421e-01
2.348361760377883911e-01
1.540779322385787964e-01
2.348361760377883911e-01
2.056974917650222778e-01
5.724338814616203308e-02
2.011521011590957642e-01
3.804380074143409729e-02
8.473704755306243896e-02
1.513298600912094116e-02
3.352145552635192871e-01
2.772603370249271393e-02
7.900767773389816284e-02
3.351095318794250488e-02
1.876430064439773560e-01
2.222549766302108765e-01
3.086139820516109467e-02
9.487066417932510376e-02
2.443408034741878510e-02
3.352145552635192871e-01
6.657625734806060791e-02
1.200913563370704651e-01
1.259844750165939331e-01
3.168879449367523193e-01
2.644332945346832275e-01
3.057256713509559631e-02
9.954642504453659058e-02
7.697299588471651077e-03
1.696520000696182251e-01
3.711380437016487122e-02
8.798506855964660645e-02
9.131446480751037598e-02
2.786820232868194580e-01
3.348705172538757324e-01
8.535120636224746704e-02
1.076146960258483887e-01
1.809293217957019806e-02
1.683844923973083496e-01
1.536375097930431366e-02
6.321631371974945068e-02
5.605389922857284546e-02
3.352145552635192871e-01
1.683681756258010864e-01
7.052282243967056274e-02
6.116427853703498840e-02
5.984645336866378784e-03
2.573637664318084717e-01
2.070443332195281982e-02
6.667135655879974365e-02
1.296146064996719360e-01
2.195736914873123169e-01
1.527958661317825317e-01
9.307963401079177856e-02
9.680078923702239990e-02
1.624613255262374878e-02
2.573637664318084717e-01
1.013464853167533875e-01
1.150913313031196594e-01
1.318689733743667603e-01
1.473504453897476196e-01
2.096626907587051392e-01
1.727519482374191284e-01
1.948295682668685913e-01
3.335884585976600647e-02
2.538649439811706543e-01
4.777946043759584427e-03
7.091853022575378418e-02
7.240619510412216187e-02
1.891333162784576416e-01
2.541345655918121338e-01
2.007722854614257812e-01
2.573637664318084717e-01
7.822708040475845337e-02
2.282925844192504883e-01
9.491717070341110229e-02
2.438703775405883789e-01
2.573637664318084717e-01
2.573637664318084717e-01
1.114269942045211792e-01
1.674840748310089111e-01
1.622576564550399780e-01
5.516786873340606689e-02
1.439162343740463257e-01
9.229928255081176758e-02
9.559328854084014893e-02
5.759590864181518555e-02
6.586148589849472046e-02
1.984721571207046509e-01
2.722716629505157471e-01
2.722716629505157471e-01
1.668778508901596069e-01
1.061068102717399597e-01
4.975957423448562622e-02
4.400393366813659668e-02
1.911547221243381500e-02
5.208279192447662354e-02
8.899072557687759399e-02
8.698119968175888062e-02
1.072868183255195618e-01
6.616695970296859741e-02
9.207843989133834839e-02
2.374267429113388062e-01
2.722716629505157471e-01
2.722716629505157471e-01
1.259687989950180054e-01
1.646090894937515259e-01
1.864905804395675659e-01
1.801882833242416382e-01
1.483786404132843018e-01
2.722716629505157471e-01
2.722716629505157471e-01
2.722716629505157471e-01
2.075859010219573975e-01
7.044874876737594604e-02
1.780311614274978638e-01
2.643797099590301514e-01
2.643797099590301514e-01
1.681860685348510742e-01
1.522317528724670410e-01
3.723946213722229004e-02
2.806873433291912079e-02
2.540769055485725403e-02
6.941553205251693726e-02
8.437518775463104248e-02
1.210569068789482117e-01
2.204996794462203979e-01
1.465763002634048462e-01
2.643797099590301514e-01
9.445634484291076660e-02
1.060211658477783203e-01
8.305576443672180176e-02
1.057038903236389160e-01
2.124006450176239014e-01
1.517182588577270508e-01
1.453254222869873047e-01
2.322227507829666138e-01
2.643797099590301514e-01
2.223029881715774536e-01
1.833439618349075317e-01
9.583898633718490601e-02
9.334894269704818726e-02
9.000885486602783203e-02
1.477601528167724609e-01
2.428710758686065674e-01
2.643797099590301514e-01
2.643797099590301514e-01
1.293504983186721802e-01
6.192170456051826477e-02
3.626260161399841309e-02
4.644067957997322083e-02
4.755051434040069580e-02
7.491538673639297485e-02
1.205761432647705078e-01
5.205256491899490356e-02
2.356956303119659424e-01
9.752450883388519287e-02
1.594589650630950928e-01
1.386361420154571533e-01
7.030459493398666382e-02
5.030343309044837952e-02
6.400221586227416992e-02
1.052530109882354736e-01
4.759422689676284790e-02
2.356956303119659424e-01
2.356956303119659424e-01
2.356956303119659424e-01
2.356956303119659424e-01
2.309347093105316162e-01
1.092448458075523376e-01
2.133058607578277588e-01
2.315803170204162598e-01
2.356956303119659424e-01
2.356956303119659424e-01
8.618037402629852295e-02
4.347915202379226685e-02
5.885602533817291260e-02
7.526059448719024658e-02
1.376157552003860474e-01
1.448590010404586792e-01
1.614602208137512207e-01
2.356956303119659424e-01
2.356956303119659424e-01
1.674864143133163452e-01
1.338286995887756348e-01
2.076880335807800293e-01
2.356956303119659424e-01
6.558112800121307373e-02
7.201810926198959351e-02
7.823400199413299561e-02
4.849473387002944946e-02
1.527036726474761963e-01
1.312692165374755859e-01
1.658506840467453003e-01
2.814928889274597168e-01
2.922775447368621826e-01
1.313393861055374146e-01
1.545312106609344482e-01
1.165644600987434387e-01
1.056153178215026855e-01
9.062044322490692139e-02
7.071014493703842163e-02
1.639968752861022949e-01
2.587921023368835449e-01
2.512376904487609863e-01
1.205894276499748230e-01
4.497596994042396545e-02
6.727347522974014282e-02
8.598989993333816528e-02
1.239869371056556702e-01
9.285230189561843872e-02
1.499055176973342896e-01
2.922775447368621826e-01
2.922775447368621826e-01
1.259438842535018921e-01
7.681627571582794189e-02
1.017170399427413940e-01
5.995954200625419617e-02
6.730055809020996094e-02
9.855789691209793091e-02
2.091024965047836304e-01
2.922775447368621826e-01
2.922775447368621826e-01
9.608860313892364502e-02
1.815584897994995117e-01
2.087663114070892334e-01
1.920442134141921997e-01
2.044719308614730835e-01
5.891088023781776428e-02
1.676590144634246826e-01
2.460221350193023682e-01
7.324430346488952637e-02
2.640199847519397736e-02
1.175372451543807983e-01
1.890328079462051392e-01
1.784153282642364502e-01
2.460221350193023682e-01
9.757694602012634277e-02
2.069625705480575562e-01
2.075635343790054321e-01
3.177777305245399475e-02
7.578407973051071167e-02
1.004604995250701904e-01
2.460221350193023682e-01
2.166649550199508667e-01
2.116764187812805176e-01
1.011266857385635376e-01
1.833394765853881836e-01
2.460221350193023682e-01
8.389168232679367065e-02
4.707516729831695557e-02
8.499787002801895142e-02
2.460221350193023682e-01
2.460221350193023682e-01
2.460221350193023682e-01
4.430549964308738708e-02
1.155013516545295715e-01
9.265032410621643066e-02
4.606041684746742249e-02
1.590197533369064331e-01
7.145715504884719849e-02
2.169875353574752808e-01
6.465043406933546066e-03
1.914352178573608398e-01
1.362147741019725800e-02
1.220961287617683411e-01
1.181916445493698120e-01
1.753184050321578979e-01
2.401679903268814087e-01
2.255129814147949219e-01
2.930496931076049805e-01
6.976690143346786499e-02
2.930496931076049805e-01
0.000000000000000000e+00
5.304832756519317627e-02
2.031799964606761932e-02
1.742124110460281372e-01
1.025580167770385742e-01
1.566493213176727295e-01
2.930496931076049805e-01
7.625095546245574951e-03
2.045536488294601440e-01
1.878614164888858795e-02
1.536680757999420166e-01
1.040850132703781128e-01
1.228548884391784668e-01
9.866075217723846436e-02
2.516595721244812012e-01
2.930496931076049805e-01
1.293179392814636230e-01
2.930496931076049805e-01
5.795342731289565563e-04
1.429046690464019775e-01
5.963145196437835693e-02
7.820460200309753418e-02
1.590989381074905396e-01
2.176734060049057007e-01
1.947417855262756348e-01
4.443494603037834167e-02
2.505990862846374512e-01
2.832703990861773491e-03
7.964710146188735962e-02
2.698161825537681580e-02
7.634267956018447876e-02
2.013538777828216553e-01
1.927639842033386230e-01
2.146652042865753174e-01
9.175568819046020508e-02
1.611415743827819824e-01
1.024263128638267517e-01
2.505990862846374512e-01
1.775953173637390137e-01
1.916625946760177612e-01
1.137986704707145691e-01
1.103883311152458191e-01
1.908944696187973022e-01
5.442353710532188416e-02
2.326878905296325684e-01
2.581058070063591003e-02
1.743396967649459839e-01
6.454246491193771362e-02
8.455107361078262329e-02
2.505990862846374512e-01
2.110205590724945068e-01
1.187975481152534485e-01
6.558948755264282227e-02
1.701735556125640869e-01
1.854168623685836792e-01
2.505990862846374512e-01
1.836329847574234009e-01
2.505990862846374512e-01
8.906883746385574341e-02
5.011037737131118774e-02
3.473033010959625244e-02
3.774920478463172913e-02
4.849079996347427368e-02
1.918857991695404053e-01
2.788093388080596924e-01
2.219219803810119629e-01
1.050755605101585388e-01
5.681219696998596191e-02
2.158365212380886078e-02
2.100384607911109924e-02
2.876150421798229218e-02
1.047553867101669312e-01
2.788093388080596924e-01
2.788093388080596924e-01
2.788093388080596924e-01
9.288145601749420166e-02
2.788093388080596924e-01
1.635150462388992310e-01
4.232261702418327332e-02
5.564067140221595764e-02
6.801696866750717163e-02
1.274452060461044312e-01
1.586473733186721802e-01
1.853135079145431519e-01
2.240457087755203247e-01
2.009752690792083740e-01
1.046058088541030884e-01
5.149377882480621338e-02
7.902651280164718628e-02
9.106141328811645508e-02
1.882135421037673950e-01
2.788093388080596924e-01
2.788093388080596924e-01
2.232160270214080811e-01
6.630372256040573120e-02
2.211054600775241852e-02
4.361958801746368408e-02
8.004134148359298706e-02
1.846205145120620728e-01
1.930895149707794189e-01
2.657534778118133545e-01
2.657534778118133545e-01
1.350757032632827759e-01
1.261652410030364990e-01
8.558642119169235229e-02
9.254329651594161987e-02
2.256482690572738647e-01
2.657534778118133545e-01
1.328526586294174194e-01
7.653472572565078735e-02
1.709022670984268188e-01
1.737086474895477295e-01
4.582906514406204224e-02
4.061087965965270996e-02
6.111066415905952454e-02
6.621775031089782715e-02
8.954650908708572388e-02
1.089695841073989868e-01
2.657534778118133545e-01
2.657534778118133545e-01
1.966505348682403564e-01
1.981971710920333862e-01
6.385996192693710327e-02
8.060964941978454590e-02
7.658183574676513672e-02
1.640989035367965698e-01
1.041080653667449951e-01
2.657534778118133545e-01
2.657534778118133545e-01
2.657534778118133545e-01
2.416898757219314575e-01
2.380803972482681274e-01
1.588271260261535645e-01
2.416898757219314575e-01
2.416898757219314575e-01
8.975747227668762207e-02
4.437133297324180603e-02
1.044198349118232727e-01
2.063485831022262573e-01
1.638783067464828491e-01
1.983520388603210449e-01
1.545833498239517212e-01
2.384588122367858887e-01
2.075453400611877441e-01
6.531856954097747803e-02
4.372528195381164551e-02
7.175143063068389893e-02
1.816900074481964111e-01
2.416898757219314575e-01
1.697183102369308472e-01
1.078322008252143860e-01
7.007578760385513306e-02
1.363566517829895020e-01
6.532170623540878296e-02
1.476531028747558594e-01
2.416898757219314575e-01
2.416898757219314575e-01
2.293740659952163696e-01
1.701650619506835938e-01
1.399419456720352173e-01
8.552143722772598267e-02
1.180920451879501343e-01
1.248189620673656464e-02
6.149979680776596069e-02
1.042590290307998657e-01
2.002212852239608765e-01
2.271535694599151611e-01
5.838700383901596069e-02
1.148522198200225830e-01
1.264118999242782593e-01
1.338384896516799927e-01
8.209092915058135986e-02
1.360003054141998291e-01
2.795158326625823975e-01
2.795158326625823975e-01
2.107537239789962769e-01
5.730335041880607605e-02
1.005707234144210815e-01
2.110844664275646210e-02
1.093274578452110291e-01
1.885582804679870605e-01
2.795158326625823975e-01
2.795158326625823975e-01
2.795158326625823975e-01
2.548671960830688477e-01
6.593846529722213745e-02
9.929426014423370361e-02
6.875623762607574463e-02
7.990460097789764404e-02
2.292922511696815491e-02
6.212785467505455017e-02
3.707699105143547058e-02
2.517435252666473389e-01
2.795158326625823975e-01
8.590275049209594727e-02
7.866358011960983276e-02
3.864860907196998596e-02
7.362211495637893677e-02
5.990437045693397522e-02
1.651962101459503174e-01
8.023565262556076050e-02
2.795158326625823975e-01
8.472816646099090576e-02
6.406083703041076660e-02
1.148495227098464966e-01
7.391537725925445557e-02
1.406779289245605469e-01
1.498405337333679199e-01
2.399647086858749390e-01
2.399647086858749390e-01
1.080446913838386536e-01
1.301997601985931396e-01
4.779409617185592651e-02
1.147505491971969604e-01
1.398523300886154175e-01
1.979120075702667236e-01
1.966208666563034058e-01
2.399647086858749390e-01
1.806632429361343384e-01
1.485984474420547485e-01
2.373374253511428833e-01
2.232687026262283325e-01
1.187799945473670959e-01
2.061538212001323700e-02
5.452671647071838379e-02
4.890161007642745972e-02
1.935643851757049561e-01
1.664792448282241821e-01
1.718618869781494141e-01
2.399647086858749390e-01
2.261906713247299194e-01
1.237000524997711182e-01
6.338156759738922119e-02
1.154356002807617188e-01
2.332703173160552979e-01
2.399647086858749390e-01
1.580857485532760620e-01
2.394026964902877808e-01
7.154390215873718262e-02
5.577917769551277161e-02
1.454433947801589966e-01
7.210317999124526978e-02
1.496548652648925781e-01
5.274507403373718262e-02
1.518933027982711792e-01
1.655859947204589844e-01
1.109420284628868103e-01
3.621176257729530334e-02
7.059267163276672363e-02
2.524430453777313232e-01
2.060422897338867188e-01
2.145231217145919800e-01
1.828519068658351898e-02
1.612347364425659180e-01
8.345070481300354004e-02
4.537520557641983032e-02
2.524430453777313232e-01
2.493780404329299927e-01
1.623850613832473755e-01
2.524430453777313232e-01
2.202660441398620605e-01
8.919853717088699341e-02
1.238108500838279724e-01
1.519800871610641479e-01
1.502596884965896606e-01
1.924413591623306274e-01
1.772788316011428833e-01
2.524430453777313232e-01
2.524430453777313232e-01
2.524430453777313232e-01
9.879855066537857056e-02
2.081846296787261963e-01
1.535834074020385742e-01
1.060304716229438782e-01
3.064727410674095154e-02
2.966593205928802490e-02
1.611981689929962158e-01
1.000285223126411438e-01
2.323244959115982056e-01
8.498087525367736816e-02
2.100380510091781616e-01
8.045434206724166870e-02
3.528392314910888672e-02
2.402496784925460815e-01
2.020301520824432373e-01
8.225315809249877930e-02
5.566370487213134766e-02
2.402496784925460815e-01
1.787502914667129517e-01
1.943064332008361816e-01
1.220655217766761780e-01
1.384385079145431519e-01
1.036681607365608215e-01
7.228878885507583618e-02
1.474638432264328003e-01
1.877462267875671387e-01
2.402496784925460815e-01
2.213872671127319336e-01
2.402496784925460815e-01
1.645973026752471924e-01
7.556129992008209229e-02
2.261549979448318481e-01
2.224869579076766968e-01
8.750602602958679199e-02
1.136527955532073975e-01
2.402496784925460815e-01
2.269749939441680908e-01
2.402496784925460815e-01
1.218877881765365601e-01
6.009336188435554504e-02
2.756654918193817139e-01
2.756654918193817139e-01
9.811338782310485840e-02
7.767002284526824951e-02
1.208229362964630127e-01
5.896042659878730774e-02
6.856072694063186646e-02
1.422738581895828247e-01
1.799598932266235352e-01
2.756654918193817139e-01
2.756654918193817139e-01
1.661937385797500610e-01
1.016114130616188049e-01
1.562400311231613159e-01
4.418126493692398071e-02
1.122351810336112976e-01
2.712022364139556885e-01
1.888773888349533081e-01
2.756654918193817139e-01
2.756654918193817139e-01
8.764240890741348267e-02
7.850918173789978027e-02
1.249301135540008545e-01
3.126852959394454956e-02
5.524135753512382507e-02
4.158490151166915894e-02
5.817254632711410522e-02
2.756654918193817139e-01
2.756654918193817139e-01
1.452860087156295776e-01
9.932729601860046387e-02
1.330713629722595215e-01
1.125825755298137665e-02
3.082169033586978912e-02
5.063282325863838196e-02
1.456177681684494019e-01
8.919681608676910400e-02
1.496954262256622314e-01
1.310867816209793091e-01
9.612244367599487305e-02
1.011080220341682434e-01
4.631029814481735229e-02
1.565662622451782227e-01
2.599128186702728271e-01
1.588120162487030029e-01
1.411074995994567871e-01
1.354458928108215332e-01
1.531255692243576050e-01
9.907806664705276489e-02
9.300860762596130371e-02
3.946609050035476685e-02
2.599128186702728271e-01
2.599128186702728271e-01
2.599128186702728271e-01
2.599128186702728271e-01
2.055848389863967896e-01
1.040321588516235352e-01
8.273345232009887695e-02
7.832877337932586670e-02
2.560602873563766479e-02
5.175162106752395630e-02
2.074344754219055176e-01
2.599128186702728271e-01
2.599128186702728271e-01
2.263358235359191895e-01
1.180655658245086670e-01
4.349670931696891785e-02
5.541929230093955994e-02
1.945462636649608612e-02
7.649528235197067261e-02
2.599128186702728271e-01
2.599128186702728271e-01
2.464283704757690430e-01
1.303002089262008667e-01
1.268630921840667725e-01
4.038769379258155823e-02
7.241803407669067383e-02
2.741365507245063782e-02
2.354945987462997437e-01
2.503648698329925537e-01
2.503648698329925537e-01
1.627749353647232056e-01
8.490779995918273926e-02
7.163698226213455200e-02
3.295090422034263611e-02
8.099167793989181519e-02
4.880617186427116394e-02
2.371513843536376953e-01
2.503648698329925537e-01
2.359995245933532715e-01
2.212062031030654907e-01
1.606923490762710571e-01
8.792904019355773926e-02
1.432723086327314377e-02
8.175613731145858765e-02
2.261858433485031128e-02
1.826843321323394775e-01
2.503648698329925537e-01
2.503648698329925537e-01
1.092536970973014832e-01
1.758794859051704407e-02
1.901555061340332031e-02
1.832455955445766449e-02
1.920921355485916138e-01
1.501222252845764160e-01
2.503648698329925537e-01
2.503648698329925537e-01
2.130622118711471558e-01
1.825741082429885864e-01
7.496408373117446899e-02
6.856252253055572510e-02
1.107863709330558777e-01
7.836844772100448608e-02
5.517685785889625549e-02
1.824277639389038086e-01
1.591351181268692017e-01
1.986704021692276001e-01
2.598625421524047852e-01
1.035335436463356018e-01
1.426908969879150391e-01
2.682567238807678223e-01
1.981308162212371826e-01
2.721586264669895172e-02
9.257441759109497070e-02
2.886429242789745331e-02
1.866761147975921631e-01
9.880737960338592529e-02
3.534056618809700012e-02
8.282922953367233276e-02
1.956567764282226562e-01
2.546883225440979004e-01
1.820095032453536987e-01
2.682567238807678223e-01
2.486491650342941284e-01
1.368352621793746948e-01
1.422493755817413330e-01
4.915550351142883301e-02
2.039310038089752197e-01
2.682567238807678223e-01
2.682567238807678223e-01
3.319302201271057129e-02
1.408770680427551270e-01
1.318981796503067017e-01
1.617001593112945557e-01
2.637365460395812988e-01
2.637365460395812988e-01
1.700589656829833984e-01
1.927451938390731812e-01
1.776666194200515747e-01
1.562678627669811249e-02
5.239193141460418701e-02
2.778653427958488464e-02
2.090307623147964478e-01
2.637365460395812988e-01
2.637365460395812988e-01
1.434935629367828369e-01
4.076415300369262695e-02
2.637365460395812988e-01
2.157465219497680664e-01
1.179666295647621155e-01
3.071479313075542450e-02
2.228546738624572754e-01
1.731868833303451538e-01
5.601561442017555237e-02
1.130100414156913757e-01
2.637365460395812988e-01
2.637365460395812988e-01
1.698704808950424194e-02
5.465006083250045776e-02
9.416431933641433716e-02
1.842532306909561157e-01
1.249797120690345764e-01
8.381143212318420410e-02
8.597479760646820068e-02
1.722923247143626213e-03
2.637365460395812988e-01
1.415853351354598999e-01
8.385690301656723022e-02
3.359261155128479004e-02
1.107029691338539124e-01
2.505575120449066162e-01
2.505575120449066162e-01
1.494360566139221191e-01
2.505575120449066162e-01
1.075733304023742676e-01
7.610147446393966675e-02
7.090728729963302612e-02
2.780454792082309723e-02
1.287753283977508545e-01
2.505575120449066162e-01
2.505575120449066162e-01
1.206351369619369507e-01
1.675522178411483765e-01
1.731109768152236938e-01
6.879639625549316406e-02
1.411560177803039551e-01
1.699274927377700806e-01
1.993855386972427368e-01
1.781442910432815552e-01
2.505575120449066162e-01
1.822212040424346924e-01
7.331472635269165039e-02
7.758587598800659180e-02
6.648792326450347900e-02
1.242039874196052551e-01
9.977935999631881714e-02
1.511392444372177124e-01
2.243408411741256714e-01
2.505575120449066162e-01
1.665058135986328125e-01
5.467075854539871216e-02
2.505575120449066162e-01
1.268050372600555420e-01
1.037004142999649048e-01
1.133256107568740845e-01
1.326806247234344482e-01
2.296641916036605835e-01
1.450144797563552856e-01
6.705204397439956665e-02
8.691024035215377808e-02
3.156077563762664795e-01
1.477108299732208252e-01
1.973097026348114014e-01
2.450171411037445068e-01
2.066731452941894531e-01
1.271612495183944702e-01
1.899080425500869751e-01
7.735645771026611328e-02
8.249386399984359741e-02
3.156077563762664795e-01
1.232519894838333130e-01
1.387185156345367432e-01
1.092505529522895813e-01
7.027386128902435303e-02
1.381257176399230957e-01
1.247893944382667542e-01
4.499377682805061340e-02
3.742162883281707764e-02
3.156077563762664795e-01
1.109274253249168396e-01
8.842076361179351807e-02
2.296188324689865112e-01
1.783156991004943848e-01
4.967629909515380859e-02
5.115920677781105042e-02
1.887557841837406158e-02
9.027650579810142517e-03
3.156077563762664795e-01
3.039512969553470612e-02
8.012028783559799194e-02
2.277796268463134766e-01
1.590297818183898926e-01
1.601462215185165405e-01
1.694590598344802856e-01
6.442302465438842773e-02
7.641655206680297852e-02
3.251570165157318115e-01
1.881739497184753418e-02
4.831651598215103149e-02
2.756287530064582825e-02
6.789470463991165161e-02
2.328822910785675049e-01
1.762247085571289062e-01
1.507460027933120728e-01
2.808004021644592285e-01
3.251570165157318115e-01
5.199971422553062439e-02
4.091684147715568542e-02
9.635906666517257690e-03
1.569618284702301025e-01
4.904007166624069214e-02
3.306064009666442871e-02
1.593091338872909546e-02
8.237591944634914398e-03
3.251570165157318115e-01
1.401840336620807648e-02
7.237707823514938354e-02
1.394065469503402710e-01
1.107864454388618469e-01
8.117096126079559326e-02
4.880542308092117310e-02
1.170932725071907043e-01
2.118191570043563843e-01
3.251570165157318115e-01
2.591299712657928467e-01
2.654494345188140869e-01
1.620129942893981934e-01
1.144114360213279724e-01
2.378482073545455933e-01
1.457858979701995850e-01
1.411135792732238770e-01
1.949249207973480225e-01
1.776875406503677368e-01
4.262176528573036194e-02
3.509439900517463684e-02
7.315114885568618774e-02
2.378482073545455933e-01
2.378482073545455933e-01
2.189612686634063721e-01
1.344160884618759155e-01
4.727873951196670532e-02
1.293497681617736816e-01
2.584607154130935669e-02
5.860632658004760742e-02
1.958210021257400513e-01
2.378482073545455933e-01
9.964437037706375122e-02
9.590396285057067871e-02
1.473823785781860352e-01
1.803797334432601929e-01
2.378482073545455933e-01
2.136761248111724854e-01
2.378482073545455933e-01
1.470194905996322632e-01
1.350869536399841309e-01
1.501125991344451904e-01
1.863476634025573730e-01
1.463056057691574097e-01
6.539157778024673462e-02
2.378482073545455933e-01
8.007696270942687988e-02
2.139125317335128784e-01
1.946967095136642456e-01
1.521022319793701172e-01
2.713885307312011719e-01
1.683147549629211426e-01
7.439418137073516846e-02
1.644311938434839249e-03
3.720088899135589600e-01
6.465331465005874634e-02
1.051882803440093994e-01
1.444934159517288208e-01
2.321067303419113159e-01
1.132260859012603760e-01
2.640674263238906860e-02
5.484953522682189941e-02
4.405696690082550049e-02
3.720088899135589600e-01
1.429568976163864136e-01
1.349339187145233154e-01
1.336688697338104248e-01
1.289278566837310791e-01
7.484228909015655518e-02
9.299300611019134521e-02
6.690985709428787231e-02
2.968263439834117889e-02
3.720088899135589600e-01
6.950718909502029419e-02
1.659660190343856812e-01
1.063330546021461487e-01
5.342290550470352173e-02
1.528972536325454712e-01
1.170140355825424194e-01
6.431688368320465088e-02
3.663035854697227478e-02
3.720088899135589600e-01
1.226221770048141479e-01
8.308910578489303589e-02
1.051683053374290466e-01
1.091459766030311584e-01
1.183945387601852417e-01
6.949154287576675415e-02
9.289367496967315674e-02
9.379217028617858887e-02
2.453350871801376343e-01
9.623197466135025024e-02
1.477194577455520630e-01
1.149687916040420532e-01
7.976608723402023315e-02
2.453350871801376343e-01
1.186184361577033997e-01
1.320173740386962891e-01
1.742413640022277832e-01
1.795519590377807617e-01
3.828427940607070923e-02
1.760666668415069580e-01
2.235527336597442627e-01
2.453350871801376343e-01
2.453350871801376343e-01
2.341344356536865234e-01
1.553826779127120972e-01
4.334532842040061951e-02
2.453350871801376343e-01
7.267260551452636719e-02
7.786273211240768433e-02
9.189169853925704956e-02
1.534522920846939087e-01
2.453350871801376343e-01
2.194184660911560059e-01
1.802597343921661377e-01
2.172131650149822235e-02
1.457142680883407593e-01
7.778339087963104248e-02
2.096103131771087646e-01
1.971703022718429565e-01
2.399088144302368164e-01
2.380067259073257446e-01
6.620423495769500732e-02
1.112800315022468567e-01
7.655443996191024780e-02
1.505054533481597900e-01
4.366774857044219971e-02
1.516325473785400391e-01
2.244939953088760376e-01
2.463814318180084229e-01
1.270578950643539429e-01
7.666486501693725586e-02
7.665257155895233154e-02
0.000000000000000000e+00
2.309861332178115845e-01
3.483695164322853088e-02
1.652257740497589111e-01
9.285173565149307251e-02
1.318645626306533813e-01
2.379336059093475342e-01
1.272032409906387329e-01
1.770303845405578613e-01
5.148753989487886429e-03
1.504731029272079468e-01
1.031782925128936768e-01
2.463814318180084229e-01
2.463814318180084229e-01
2.463814318180084229e-01
1.727766394615173340e-01
1.212025731801986694e-01
1.530776023864746094e-01
2.578698657453060150e-02
2.360747903585433960e-01
5.912081152200698853e-02
2.463814318180084229e-01
2.345302700996398926e-01
2.463814318180084229e-01
